coor: 3
num: 50
--------------------------------------------------

single clusters
--------------------------------------------------
cluster1: [(-304, -539), (-306, -585), (-539, -816), (-525, -728), (-172, -221), (-460, -494), (-27, -76), (-285, -797), (-88, -442), (-188, -733), (9, -733), (-5, -599), (44, -791), (-200, -49), (-411, -97), (-788, -324), (-363, -245), (-698, -458), (-885, -34), (-437, 164), (-630, 113), (-556, 339), (-736, 475), (-387, 568), (-470, 571), (-899, 908), (859, 951), (664, 769), (581, 565), (885, 672), (520, 445), (916, 575), (400, 228), (994, 557), (83, 234), (378, 904), (409, 903), (194, 379), (-49, 823), (-61, 920), (14, 780), (15, 133), (-110, 421), (-249, 854)]
len_cluster1: 44
--------------------------------------------------
cluster2: [(639, -250), (788, -290), (345, -163), (785, -475), (975, -577)]
len_cluster2: 5
--------------------------------------------------
cluster3: [(507, -855)]
len_cluster3: 1
--------------------------------------------------
single_span: [0.951, 0.8871]
--------------------------------------------------

complete clusters
--------------------------------------------------
cluster1: [(-304, -539), (-306, -585), (-460, -494), (-539, -816), (-525, -728), (-172, -221), (9, -733), (-5, -599), (44, -791), (-27, -76), (-285, -797), (-88, -442), (-188, -733), (639, -250), (788, -290), (345, -163), (785, -475), (975, -577), (507, -855)]
len_cluster1: 19
--------------------------------------------------
cluster2: [(-200, -49), (-411, -97), (-788, -324), (-363, -245), (-698, -458), (-885, -34), (-437, 164), (-630, 113), (-556, 339), (-736, 475)]
len_cluster2: 10
--------------------------------------------------
cluster3: [(859, 951), (664, 769), (581, 565), (885, 672), (520, 445), (916, 575), (400, 228), (994, 557), (83, 234), (378, 904), (409, 903), (194, 379), (-49, 823), (-61, 920), (14, 780), (15, 133), (-387, 568), (-470, 571), (-899, 908), (-110, 421), (-249, 854)]
len_cluster3: 21
--------------------------------------------------
average_single_span: [0.2251, -0.3051]
--------------------------------------------------

complete clusters
--------------------------------------------------
cluster1: [(-304, -539), (-306, -585), (-539, -816), (-525, -728), (-172, -221), (-460, -494), (9, -733), (-5, -599), (44, -791), (-27, -76), (-285, -797), (-88, -442), (-188, -733), (639, -250), (788, -290), (345, -163), (785, -475), (975, -577), (507, -855)]
len_cluster1: 19
--------------------------------------------------
cluster2: [(-200, -49), (-411, -97), (-788, -324), (-363, -245), (-698, -458), (-885, -34), (-437, 164), (-630, 113), (-556, 339), (-736, 475), (-387, 568), (-470, 571), (-899, 908)]
len_cluster2: 13
--------------------------------------------------
cluster3: [(859, 951), (664, 769), (581, 565), (885, 672), (520, 445), (916, 575), (400, 228), (994, 557), (83, 234), (378, 904), (409, 903), (194, 379), (-49, 823), (-61, 920), (14, 780), (15, 133), (-110, 421), (-249, 854)]
len_cluster3: 18
--------------------------------------------------
average_span: [0.3254, -0.269]
--------------------------------------------------

