coor: 2
num: 30
--------------------------------------------------

single clusters
--------------------------------------------------
cluster1: [(-896, -120), (-438, 13), (-963, 752), (-752, 600), (-314, 461), (-445, 621), (-683, 888), (-519, 529), (-419, 854), (-467, 178), (-504, -332), (-645, -450), (-312, -179), (-696, -409), (-546, -800), (-229, -469), (-347, -750), (-98, -284)]
len_cluster1: 18
--------------------------------------------------
cluster2: [(602, 337), (625, 384), (815, 144), (787, -17), (415, -953), (53, -169), (830, -954), (734, -847), (768, -265), (388, -251)]
len_cluster2: 10
--------------------------------------------------
cluster3: [(444, 974), (512, 724)]
len_cluster3: 2
--------------------------------------------------
single_span: [0.9258, 0.9194]
--------------------------------------------------

complete clusters
--------------------------------------------------
cluster1: [(-896, -120), (-438, 13), (-963, 752), (-752, 600), (-519, 529), (-467, 178), (-314, 461), (-445, 621), (-683, 888), (-419, 854)]
len_cluster1: 10
--------------------------------------------------
cluster2: [(-504, -332), (-645, -450), (-312, -179), (-696, -409), (-546, -800), (-229, -469), (-347, -750), (-98, -284)]
len_cluster2: 8
--------------------------------------------------
cluster3: [(602, 337), (625, 384), (444, 974), (512, 724), (815, 144), (787, -17), (415, -953), (53, -169), (830, -954), (734, -847), (768, -265), (388, -251)]
len_cluster3: 12
--------------------------------------------------
average_single_span: [-0.146, -0.458]
--------------------------------------------------

complete clusters
--------------------------------------------------
cluster1: [(-896, -120), (-438, 13), (-467, 178), (-963, 752), (-752, 600), (-519, 529), (-314, 461), (-445, 621), (-683, 888), (-419, 854), (-504, -332), (-645, -450), (-312, -179), (-696, -409), (-546, -800), (-229, -469), (-347, -750), (-98, -284)]
len_cluster1: 18
--------------------------------------------------
cluster2: [(602, 337), (625, 384), (815, 144), (787, -17), (444, 974), (512, 724)]
len_cluster2: 6
--------------------------------------------------
cluster3: [(415, -953), (53, -169), (830, -954), (734, -847), (768, -265), (388, -251)]
len_cluster3: 6
--------------------------------------------------
average_span: [0.2042, 0.127]
--------------------------------------------------

